1	0
10	1
100	2
1000	3
1001	4
1002	5
1003	6
1004	7
1005	8
1006	9
1007	10
1008	11
1009	12
101	13
1010	14
1011	15
1012	16
1013	17
1014	18
1015	19
1016	20
1017	21
1018	22
1019	23
102	24
1020	25
1021	26
1022	27
1023	28
1024	29
1025	30
1026	31
1027	32
1028	33
1029	34
103	35
1030	36
1031	37
1032	38
1033	39
1034	40
1035	41
1036	42
1037	43
1038	44
1039	45
104	46
1040	47
1041	48
1042	49
1043	50
1044	51
1045	52
1046	53
1047	54
1048	55
1049	56
105	57
1050	58
1051	59
1052	60
1053	61
1054	62
1055	63
1056	64
1057	65
1058	66
1059	67
106	68
1060	69
1061	70
1062	71
1063	72
1064	73
1065	74
1066	75
1067	76
1068	77
1069	78
107	79
1070	80
1071	81
1072	82
1073	83
1074	84
1075	85
1076	86
1077	87
1078	88
1079	89
108	90
1080	91
1081	92
1082	93
1083	94
1084	95
1085	96
1086	97
1087	98
1088	99
1089	100
109	101
1090	102
1091	103
1092	104
1093	105
1094	106
1095	107
1096	108
1097	109
1098	110
1099	111
11	112
110	113
1100	114
1101	115
1102	116
1103	117
1104	118
1105	119
1106	120
1107	121
1108	122
1109	123
111	124
1110	125
1111	126
1112	127
1113	128
1114	129
1115	130
1116	131
1117	132
1118	133
1119	134
112	135
1120	136
1121	137
1122	138
1123	139
1124	140
1125	141
1126	142
1127	143
1128	144
1129	145
113	146
1130	147
1131	148
1132	149
1133	150
1134	151
1135	152
1136	153
1137	154
1138	155
1139	156
114	157
1140	158
1141	159
1142	160
1143	161
1144	162
1145	163
1146	164
1147	165
1148	166
1149	167
115	168
1150	169
1151	170
1152	171
1153	172
1154	173
1155	174
1156	175
1157	176
1158	177
1159	178
116	179
1160	180
1161	181
1162	182
1163	183
1164	184
1165	185
1166	186
1167	187
1168	188
1169	189
117	190
1170	191
1171	192
1172	193
1173	194
1174	195
1175	196
1176	197
1177	198
1178	199
1179	200
118	201
1180	202
1181	203
1182	204
1183	205
1184	206
1185	207
1186	208
1187	209
1188	210
1189	211
119	212
1190	213
1191	214
1192	215
1193	216
1194	217
1195	218
1196	219
1197	220
1198	221
1199	222
12	223
120	224
1200	225
1201	226
1202	227
1203	228
1204	229
1205	230
1206	231
1207	232
1208	233
1209	234
121	235
1210	236
1211	237
1212	238
1213	239
1214	240
1215	241
1216	242
1217	243
1218	244
1219	245
122	246
1220	247
1221	248
1222	249
1223	250
1224	251
1225	252
1226	253
1227	254
1228	255
1229	256
123	257
1230	258
1231	259
1232	260
1233	261
1234	262
1235	263
1236	264
1237	265
1238	266
1239	267
124	268
1240	269
1241	270
1242	271
1243	272
1244	273
1245	274
1246	275
1247	276
1248	277
1249	278
125	279
1250	280
1251	281
1252	282
1253	283
1254	284
1255	285
1256	286
1257	287
1258	288
1259	289
126	290
1260	291
1261	292
1262	293
1263	294
1264	295
1265	296
1266	297
1267	298
1268	299
1269	300
127	301
1270	302
1271	303
1272	304
1273	305
1274	306
1275	307
1276	308
1277	309
1278	310
1279	311
1280	312
1281	313
1282	314
1283	315
1284	316
1285	317
1286	318
1287	319
1288	320
1289	321
129	322
1290	323
1291	324
1292	325
1293	326
1294	327
1295	328
1296	329
1297	330
1298	331
1299	332
13	333
130	334
1300	335
1301	336
1302	337
1303	338
1304	339
1305	340
1306	341
1307	342
1308	343
1309	344
131	345
1310	346
1311	347
1312	348
1313	349
1314	350
1315	351
1316	352
1317	353
1318	354
1319	355
132	356
1320	357
1321	358
1322	359
1323	360
1324	361
1325	362
1326	363
1327	364
1328	365
1329	366
133	367
1330	368
1331	369
1332	370
1333	371
1334	372
1335	373
1336	374
1337	375
1338	376
1339	377
134	378
1340	379
1341	380
1342	381
1343	382
1344	383
1345	384
1346	385
1347	386
1348	387
1349	388
135	389
1350	390
1351	391
1352	392
1353	393
1354	394
1355	395
1356	396
1357	397
1358	398
1359	399
136	400
1360	401
1361	402
1362	403
1363	404
1364	405
1365	406
1366	407
1367	408
1368	409
1369	410
137	411
1370	412
1371	413
1372	414
1373	415
1374	416
1375	417
1376	418
1377	419
1378	420
1379	421
138	422
1380	423
1381	424
1382	425
1383	426
1384	427
1385	428
1386	429
1387	430
1388	431
1389	432
139	433
1390	434
1391	435
1392	436
1393	437
1394	438
1395	439
1396	440
1397	441
1398	442
1399	443
14	444
140	445
1400	446
1401	447
1402	448
1403	449
1404	450
1405	451
1406	452
1407	453
1408	454
1409	455
141	456
1410	457
1411	458
1412	459
1413	460
1414	461
1415	462
1416	463
1417	464
1418	465
1419	466
142	467
1420	468
1421	469
1422	470
1423	471
1424	472
1425	473
1426	474
1427	475
1428	476
1429	477
143	478
1430	479
1431	480
1432	481
1433	482
1434	483
1435	484
1436	485
1437	486
1438	487
1439	488
144	489
1440	490
1441	491
1442	492
1443	493
1444	494
1445	495
1446	496
1447	497
1448	498
1449	499
145	500
1450	501
1451	502
1452	503
1453	504
1454	505
1455	506
1456	507
1457	508
1458	509
1459	510
146	511
1460	512
1461	513
1462	514
1463	515
1464	516
1465	517
1466	518
1467	519
1468	520
1469	521
147	522
1470	523
1471	524
1472	525
1473	526
1474	527
1475	528
1476	529
1477	530
1478	531
1479	532
148	533
1480	534
1481	535
1482	536
1483	537
1484	538
1485	539
1486	540
1487	541
1488	542
1489	543
149	544
1490	545
1491	546
1492	547
1493	548
1494	549
1495	550
1496	551
1497	552
1498	553
1499	554
15	555
150	556
1500	557
1501	558
1502	559
1503	560
1504	561
1505	562
1506	563
1507	564
1508	565
1509	566
151	567
1510	568
1511	569
1512	570
1513	571
1514	572
1515	573
1516	574
1517	575
1518	576
1519	577
152	578
1520	579
1521	580
1522	581
1523	582
1524	583
1525	584
1526	585
1527	586
1528	587
1529	588
153	589
1530	590
1531	591
1532	592
1533	593
1534	594
1535	595
1536	596
1537	597
1538	598
1539	599
154	600
1540	601
1541	602
1542	603
1543	604
1544	605
1545	606
1546	607
1547	608
1548	609
1549	610
155	611
1550	612
1551	613
1552	614
1553	615
1554	616
1555	617
1556	618
1557	619
1558	620
1559	621
156	622
1560	623
1561	624
1562	625
1563	626
1564	627
1565	628
1566	629
1567	630
1568	631
1569	632
157	633
1570	634
1571	635
1572	636
1573	637
1574	638
1575	639
1576	640
1577	641
1578	642
1579	643
158	644
1580	645
1581	646
1582	647
1583	648
1584	649
1585	650
1586	651
1587	652
1588	653
1589	654
159	655
1590	656
1591	657
1592	658
1593	659
1594	660
1595	661
1596	662
1597	663
1598	664
1599	665
16	666
160	667
1600	668
1601	669
1602	670
1603	671
1604	672
1605	673
1606	674
1607	675
1608	676
1609	677
161	678
1610	679
1611	680
1612	681
1613	682
1614	683
1615	684
1616	685
1617	686
1618	687
1619	688
162	689
1620	690
1621	691
1622	692
1623	693
1624	694
1625	695
1626	696
1627	697
1628	698
1629	699
163	700
1630	701
1631	702
1632	703
1633	704
1634	705
1635	706
1636	707
1637	708
1638	709
1639	710
164	711
1640	712
1641	713
1642	714
1643	715
1644	716
1645	717
1646	718
1647	719
1648	720
1649	721
165	722
1650	723
1651	724
1652	725
1653	726
1654	727
1655	728
1656	729
1657	730
1658	731
1659	732
166	733
1660	734
1661	735
1662	736
1663	737
1664	738
1665	739
1666	740
1667	741
1668	742
1669	743
167	744
1670	745
1671	746
1672	747
1673	748
1674	749
1675	750
1676	751
1677	752
1678	753
1679	754
168	755
1680	756
1681	757
1682	758
1683	759
1684	760
1685	761
1686	762
1687	763
1688	764
1689	765
169	766
1690	767
1691	768
1692	769
1693	770
1694	771
1695	772
1696	773
1697	774
1698	775
1699	776
17	777
170	778
1700	779
1701	780
1702	781
1703	782
1704	783
1705	784
1706	785
1707	786
1708	787
1709	788
171	789
1710	790
1711	791
1712	792
1713	793
1714	794
1715	795
1716	796
1717	797
1718	798
1719	799
172	800
1720	801
1721	802
1722	803
1723	804
1724	805
1725	806
1726	807
1727	808
1728	809
1729	810
173	811
1730	812
1731	813
1732	814
1733	815
1734	816
1735	817
1736	818
1737	819
1738	820
1739	821
174	822
1740	823
1741	824
1742	825
1743	826
1744	827
1745	828
1746	829
1747	830
1748	831
1749	832
175	833
1750	834
1751	835
1752	836
1753	837
1754	838
1755	839
1756	840
1757	841
1758	842
1759	843
176	844
1760	845
1761	846
1762	847
1763	848
1764	849
1765	850
1766	851
1767	852
1768	853
1769	854
177	855
1770	856
1771	857
1772	858
1773	859
1774	860
1775	861
1776	862
1777	863
1778	864
1779	865
178	866
1780	867
1781	868
1782	869
1783	870
1784	871
1785	872
1786	873
1787	874
1788	875
1789	876
179	877
1790	878
1791	879
1792	880
1793	881
1794	882
1795	883
1796	884
1797	885
1798	886
1799	887
18	888
180	889
1800	890
1801	891
1802	892
1803	893
1804	894
1805	895
1806	896
1807	897
1808	898
1809	899
181	900
1810	901
1811	902
1812	903
1813	904
1814	905
1815	906
1816	907
1817	908
1818	909
1819	910
182	911
1820	912
1821	913
1822	914
1823	915
1824	916
1825	917
1826	918
1827	919
1828	920
1829	921
183	922
1830	923
1831	924
1832	925
1833	926
1834	927
1835	928
1836	929
1837	930
1838	931
1839	932
184	933
1840	934
1841	935
1842	936
1843	937
1844	938
1845	939
1846	940
1847	941
1848	942
1849	943
185	944
1850	945
1851	946
1852	947
1853	948
1854	949
1855	950
1856	951
1857	952
1858	953
1859	954
186	955
1860	956
1861	957
1862	958
1863	959
1864	960
1865	961
1866	962
1867	963
1868	964
1869	965
187	966
1870	967
1871	968
1872	969
1873	970
1874	971
1875	972
1876	973
1877	974
1878	975
1879	976
188	977
1880	978
1881	979
1882	980
1883	981
1884	982
1885	983
1886	984
1887	985
1888	986
1889	987
189	988
1890	989
1891	990
1892	991
1893	992
1894	993
1895	994
1896	995
1897	996
1898	997
1899	998
19	999
190	1000
1900	1001
1901	1002
1902	1003
1903	1004
1904	1005
1905	1006
1906	1007
1907	1008
1908	1009
1909	1010
191	1011
1910	1012
1911	1013
1912	1014
1913	1015
1914	1016
1915	1017
1916	1018
1917	1019
1918	1020
1919	1021
192	1022
1920	1023
1921	1024
1922	1025
1923	1026
1924	1027
1925	1028
1926	1029
1927	1030
1928	1031
1929	1032
193	1033
1930	1034
1931	1035
1932	1036
1933	1037
1934	1038
1935	1039
1936	1040
1937	1041
1938	1042
1939	1043
194	1044
1940	1045
1941	1046
1942	1047
1943	1048
1944	1049
1945	1050
1946	1051
1947	1052
1948	1053
1949	1054
195	1055
1950	1056
1951	1057
1952	1058
1953	1059
1954	1060
1955	1061
1956	1062
1957	1063
1958	1064
1959	1065
196	1066
1960	1067
1961	1068
1962	1069
1963	1070
1964	1071
1965	1072
1966	1073
1967	1074
1968	1075
1969	1076
197	1077
1970	1078
1971	1079
1972	1080
1973	1081
1974	1082
1975	1083
1976	1084
1977	1085
1978	1086
1979	1087
198	1088
1980	1089
1981	1090
1982	1091
1983	1092
1984	1093
1985	1094
1986	1095
1987	1096
1988	1097
1989	1098
199	1099
1990	1100
1991	1101
1992	1102
1993	1103
1994	1104
1995	1105
1996	1106
1997	1107
1998	1108
1999	1109
2	1110
20	1111
200	1112
2000	1113
2001	1114
2002	1115
2003	1116
2004	1117
2005	1118
2006	1119
2007	1120
2008	1121
2009	1122
201	1123
2010	1124
2011	1125
2012	1126
2013	1127
2014	1128
2015	1129
2016	1130
2017	1131
2018	1132
2019	1133
202	1134
2020	1135
2021	1136
2022	1137
2023	1138
2024	1139
2025	1140
2026	1141
2027	1142
2028	1143
2029	1144
203	1145
2030	1146
2031	1147
2032	1148
2033	1149
2034	1150
2035	1151
2036	1152
2037	1153
2038	1154
2039	1155
204	1156
2040	1157
2041	1158
2042	1159
2043	1160
2044	1161
2045	1162
2046	1163
2047	1164
2048	1165
2049	1166
205	1167
2050	1168
2051	1169
2052	1170
2053	1171
2054	1172
2055	1173
2056	1174
2057	1175
2058	1176
2059	1177
206	1178
2060	1179
2061	1180
2062	1181
2063	1182
2064	1183
2065	1184
2066	1185
2067	1186
2068	1187
2069	1188
207	1189
2070	1190
2071	1191
2072	1192
2073	1193
2074	1194
2075	1195
2076	1196
2077	1197
2078	1198
2079	1199
208	1200
2080	1201
2081	1202
2082	1203
2083	1204
2084	1205
2085	1206
2086	1207
2087	1208
2088	1209
2089	1210
209	1211
2090	1212
2091	1213
2092	1214
2093	1215
2094	1216
2095	1217
2096	1218
2097	1219
2098	1220
2099	1221
21	1222
210	1223
2100	1224
2101	1225
2102	1226
2103	1227
2104	1228
2105	1229
2106	1230
2107	1231
2108	1232
2109	1233
211	1234
2110	1235
2111	1236
2112	1237
2113	1238
2114	1239
2115	1240
2116	1241
2117	1242
2118	1243
2119	1244
212	1245
2120	1246
2121	1247
2122	1248
2123	1249
2124	1250
2125	1251
2126	1252
2127	1253
2128	1254
2129	1255
213	1256
2130	1257
2131	1258
2132	1259
2133	1260
2134	1261
2135	1262
2136	1263
2137	1264
2138	1265
2139	1266
214	1267
2140	1268
2141	1269
2142	1270
2143	1271
2144	1272
2145	1273
2146	1274
2147	1275
2148	1276
2149	1277
215	1278
2150	1279
2151	1280
2152	1281
2153	1282
2154	1283
2155	1284
2156	1285
2157	1286
2158	1287
2159	1288
216	1289
2160	1290
2161	1291
2162	1292
2163	1293
2164	1294
2165	1295
2166	1296
2167	1297
2168	1298
2169	1299
217	1300
2170	1301
2171	1302
2172	1303
2173	1304
2174	1305
2175	1306
2176	1307
2177	1308
2178	1309
2179	1310
218	1311
2180	1312
2181	1313
2182	1314
2183	1315
2184	1316
2185	1317
2186	1318
2187	1319
2188	1320
2189	1321
219	1322
2190	1323
2191	1324
2192	1325
2193	1326
2194	1327
2195	1328
2196	1329
2197	1330
2198	1331
2199	1332
22	1333
220	1334
2200	1335
2201	1336
2202	1337
2203	1338
2204	1339
2205	1340
2206	1341
2207	1342
2208	1343
2209	1344
221	1345
2210	1346
2211	1347
2212	1348
2213	1349
2214	1350
2215	1351
2216	1352
2217	1353
2218	1354
2219	1355
222	1356
2220	1357
2221	1358
2222	1359
2223	1360
2224	1361
2225	1362
2226	1363
2227	1364
2228	1365
2229	1366
223	1367
2230	1368
2231	1369
2232	1370
2233	1371
2234	1372
2235	1373
2236	1374
2237	1375
2238	1376
2239	1377
224	1378
2240	1379
2241	1380
2242	1381
2243	1382
2244	1383
2245	1384
2246	1385
2247	1386
2248	1387
2249	1388
225	1389
2250	1390
2251	1391
2252	1392
2253	1393
2254	1394
2255	1395
2256	1396
2257	1397
2258	1398
2259	1399
226	1400
2260	1401
2261	1402
2262	1403
2263	1404
2264	1405
2265	1406
2266	1407
2267	1408
2268	1409
2269	1410
227	1411
2270	1412
2271	1413
2272	1414
2273	1415
2274	1416
2275	1417
2276	1418
2277	1419
2278	1420
2279	1421
228	1422
2280	1423
2281	1424
2282	1425
2283	1426
2284	1427
2285	1428
2286	1429
2287	1430
2288	1431
2289	1432
229	1433
2290	1434
2291	1435
2292	1436
2293	1437
2294	1438
2295	1439
2296	1440
2297	1441
2298	1442
2299	1443
23	1444
230	1445
2300	1446
2301	1447
2302	1448
2303	1449
2304	1450
2305	1451
2306	1452
2307	1453
2308	1454
2309	1455
231	1456
2310	1457
2311	1458
2312	1459
2313	1460
2314	1461
2315	1462
2316	1463
2317	1464
2318	1465
2319	1466
232	1467
2320	1468
2321	1469
2322	1470
2323	1471
2324	1472
2325	1473
2326	1474
2327	1475
2328	1476
2329	1477
233	1478
2330	1479
2331	1480
2332	1481
2333	1482
2334	1483
2335	1484
2336	1485
2337	1486
2338	1487
2339	1488
234	1489
2340	1490
2341	1491
2342	1492
2343	1493
2344	1494
2345	1495
2346	1496
2347	1497
2348	1498
2349	1499
235	1500
2350	1501
2351	1502
2352	1503
2353	1504
2354	1505
2355	1506
2356	1507
2357	1508
2358	1509
2359	1510
236	1511
2360	1512
2361	1513
2362	1514
2363	1515
2364	1516
2365	1517
2366	1518
2367	1519
2368	1520
2369	1521
237	1522
2370	1523
2371	1524
2372	1525
2373	1526
2374	1527
2375	1528
2376	1529
2377	1530
2378	1531
2379	1532
238	1533
2380	1534
2381	1535
2382	1536
2383	1537
2384	1538
2385	1539
2386	1540
2387	1541
2388	1542
2389	1543
239	1544
2390	1545
2391	1546
2392	1547
2393	1548
2394	1549
2395	1550
2396	1551
2397	1552
2398	1553
2399	1554
24	1555
240	1556
2400	1557
2401	1558
2402	1559
2403	1560
2404	1561
2405	1562
2406	1563
2407	1564
2408	1565
2409	1566
241	1567
2410	1568
2411	1569
2412	1570
2413	1571
2414	1572
2415	1573
2416	1574
2417	1575
2418	1576
2419	1577
242	1578
2420	1579
2421	1580
2422	1581
2423	1582
2424	1583
2425	1584
2426	1585
2427	1586
2428	1587
2429	1588
243	1589
2430	1590
2431	1591
2432	1592
2433	1593
2434	1594
2435	1595
2436	1596
2437	1597
2438	1598
2439	1599
244	1600
2440	1601
2441	1602
2442	1603
2443	1604
2444	1605
2445	1606
2446	1607
2447	1608
2448	1609
2449	1610
245	1611
2450	1612
2451	1613
2452	1614
2453	1615
2454	1616
2455	1617
2456	1618
2457	1619
2458	1620
2459	1621
246	1622
2460	1623
2461	1624
2462	1625
2463	1626
2464	1627
2465	1628
2466	1629
2467	1630
2468	1631
2469	1632
247	1633
2470	1634
2471	1635
2472	1636
2473	1637
2474	1638
2475	1639
2476	1640
2477	1641
2478	1642
2479	1643
248	1644
2480	1645
2481	1646
2482	1647
2483	1648
2484	1649
2485	1650
2486	1651
2487	1652
2488	1653
2489	1654
249	1655
2490	1656
2491	1657
2492	1658
2493	1659
2494	1660
2495	1661
2496	1662
2497	1663
2498	1664
2499	1665
25	1666
250	1667
2500	1668
2501	1669
2502	1670
2503	1671
2504	1672
2505	1673
2506	1674
2507	1675
2508	1676
2509	1677
251	1678
2510	1679
2511	1680
2512	1681
2513	1682
2514	1683
2515	1684
2516	1685
2517	1686
2518	1687
2519	1688
252	1689
2520	1690
2521	1691
2522	1692
2523	1693
2524	1694
2525	1695
2526	1696
2527	1697
2528	1698
2529	1699
253	1700
2530	1701
2531	1702
2532	1703
2533	1704
2534	1705
2535	1706
2536	1707
2537	1708
2538	1709
2539	1710
254	1711
2540	1712
2541	1713
2542	1714
2543	1715
2544	1716
2545	1717
2546	1718
2547	1719
2548	1720
2549	1721
255	1722
2550	1723
2551	1724
2552	1725
2553	1726
2554	1727
2555	1728
2556	1729
2557	1730
2558	1731
2559	1732
256	1733
2560	1734
2561	1735
2562	1736
2563	1737
2564	1738
2565	1739
2566	1740
2567	1741
2568	1742
2569	1743
257	1744
2570	1745
2571	1746
2572	1747
2573	1748
2574	1749
2575	1750
2576	1751
2577	1752
2578	1753
2579	1754
258	1755
2580	1756
2581	1757
2582	1758
2583	1759
2584	1760
2585	1761
2586	1762
2587	1763
2588	1764
2589	1765
259	1766
2590	1767
2591	1768
2592	1769
2593	1770
2594	1771
2595	1772
2596	1773
2597	1774
2598	1775
2599	1776
26	1777
260	1778
2600	1779
2601	1780
2602	1781
2603	1782
2604	1783
2605	1784
2606	1785
2607	1786
2608	1787
2609	1788
261	1789
2610	1790
2611	1791
2612	1792
2613	1793
2614	1794
2615	1795
2616	1796
2617	1797
2618	1798
2619	1799
262	1800
2620	1801
2621	1802
2622	1803
2623	1804
2624	1805
2625	1806
2626	1807
2627	1808
2628	1809
2629	1810
263	1811
2630	1812
2631	1813
2632	1814
2633	1815
2634	1816
2635	1817
2636	1818
2637	1819
2638	1820
2639	1821
264	1822
2640	1823
2641	1824
2642	1825
2643	1826
2644	1827
2645	1828
2646	1829
2647	1830
2648	1831
2649	1832
265	1833
2650	1834
2651	1835
2652	1836
2653	1837
2654	1838
2655	1839
2656	1840
2657	1841
2658	1842
2659	1843
266	1844
2660	1845
2661	1846
2662	1847
2663	1848
2664	1849
2665	1850
2666	1851
2667	1852
2668	1853
2669	1854
267	1855
2670	1856
2671	1857
2672	1858
2673	1859
2674	1860
2675	1861
2676	1862
2677	1863
2678	1864
2679	1865
268	1866
2680	1867
2681	1868
2682	1869
2683	1870
2684	1871
2685	1872
2686	1873
2687	1874
2688	1875
2689	1876
269	1877
2690	1878
2691	1879
2692	1880
2693	1881
2694	1882
2695	1883
2696	1884
2697	1885
2698	1886
2699	1887
27	1888
270	1889
2700	1890
2701	1891
2702	1892
2703	1893
2704	1894
2705	1895
2706	1896
2707	1897
2708	1898
2709	1899
271	1900
2710	1901
2711	1902
2712	1903
2713	1904
2714	1905
2715	1906
2716	1907
2717	1908
2718	1909
2719	1910
272	1911
2720	1912
2721	1913
2722	1914
2723	1915
2724	1916
2725	1917
2726	1918
2727	1919
2728	1920
2729	1921
273	1922
2730	1923
2731	1924
2732	1925
2733	1926
2734	1927
2735	1928
2736	1929
2737	1930
2738	1931
2739	1932
274	1933
2740	1934
2741	1935
2742	1936
2743	1937
2744	1938
2745	1939
2746	1940
2747	1941
2748	1942
2749	1943
275	1944
2750	1945
2751	1946
2752	1947
2753	1948
2754	1949
2755	1950
2756	1951
2757	1952
2758	1953
2759	1954
276	1955
2760	1956
2761	1957
2762	1958
2763	1959
2764	1960
2765	1961
2766	1962
2767	1963
2768	1964
2769	1965
277	1966
2770	1967
2771	1968
2772	1969
2773	1970
2774	1971
2775	1972
2776	1973
2777	1974
2778	1975
2779	1976
278	1977
2780	1978
2781	1979
2782	1980
2783	1981
2784	1982
2785	1983
2786	1984
2787	1985
2788	1986
2789	1987
279	1988
2790	1989
2791	1990
2792	1991
2793	1992
2794	1993
2795	1994
2796	1995
2797	1996
2798	1997
2799	1998
28	1999
280	2000
2800	2001
2801	2002
2802	2003
2803	2004
2804	2005
2805	2006
2806	2007
2807	2008
2808	2009
2809	2010
281	2011
2810	2012
2811	2013
2812	2014
2813	2015
2814	2016
2815	2017
2816	2018
2817	2019
2818	2020
2819	2021
282	2022
2820	2023
2821	2024
2822	2025
2823	2026
2824	2027
2825	2028
2826	2029
2827	2030
2828	2031
2829	2032
283	2033
2830	2034
2831	2035
2832	2036
2833	2037
2834	2038
2835	2039
2836	2040
2837	2041
2838	2042
2839	2043
284	2044
2840	2045
2841	2046
2842	2047
2843	2048
2844	2049
2845	2050
2846	2051
2847	2052
2848	2053
2849	2054
285	2055
2850	2056
2851	2057
2852	2058
2853	2059
2854	2060
2855	2061
2856	2062
2857	2063
2858	2064
2859	2065
286	2066
2860	2067
2861	2068
2862	2069
2863	2070
2864	2071
2865	2072
2866	2073
2867	2074
2868	2075
2869	2076
287	2077
2870	2078
2871	2079
2872	2080
2873	2081
2874	2082
2875	2083
2876	2084
2877	2085
2878	2086
2879	2087
288	2088
2880	2089
2881	2090
2882	2091
2883	2092
2884	2093
2885	2094
2886	2095
2887	2096
2888	2097
2889	2098
289	2099
2890	2100
2891	2101
2892	2102
2893	2103
2894	2104
2895	2105
2896	2106
2897	2107
2898	2108
2899	2109
29	2110
290	2111
2900	2112
2901	2113
2902	2114
2903	2115
2904	2116
2905	2117
2906	2118
2907	2119
2908	2120
2909	2121
291	2122
2910	2123
2911	2124
2912	2125
2913	2126
2914	2127
2915	2128
2916	2129
2917	2130
2918	2131
2919	2132
292	2133
2920	2134
2921	2135
2922	2136
2923	2137
2924	2138
2925	2139
2926	2140
2927	2141
2928	2142
2929	2143
293	2144
2930	2145
2931	2146
2932	2147
2933	2148
2934	2149
2935	2150
2936	2151
2937	2152
2938	2153
2939	2154
294	2155
2940	2156
2941	2157
2942	2158
2943	2159
2944	2160
2945	2161
2946	2162
2947	2163
2948	2164
2949	2165
295	2166
2950	2167
2951	2168
2952	2169
2953	2170
2954	2171
2955	2172
2956	2173
2957	2174
2958	2175
2959	2176
296	2177
2960	2178
2961	2179
2962	2180
2963	2181
2964	2182
2965	2183
2966	2184
2967	2185
2968	2186
2969	2187
297	2188
2970	2189
2971	2190
2972	2191
2973	2192
2974	2193
2975	2194
2976	2195
2977	2196
2978	2197
2979	2198
298	2199
2980	2200
2981	2201
2982	2202
2983	2203
2984	2204
2985	2205
2986	2206
2987	2207
2988	2208
2989	2209
299	2210
2990	2211
2991	2212
2992	2213
2993	2214
2994	2215
2995	2216
2996	2217
2997	2218
2998	2219
2999	2220
3	2221
30	2222
300	2223
3000	2224
3001	2225
3002	2226
3003	2227
3004	2228
3005	2229
3006	2230
3007	2231
3008	2232
3009	2233
301	2234
3010	2235
302	2236
303	2237
304	2238
305	2239
306	2240
307	2241
308	2242
309	2243
31	2244
310	2245
311	2246
312	2247
313	2248
314	2249
315	2250
316	2251
317	2252
318	2253
319	2254
32	2255
320	2256
321	2257
322	2258
323	2259
324	2260
325	2261
326	2262
327	2263
328	2264
329	2265
33	2266
330	2267
331	2268
332	2269
333	2270
334	2271
335	2272
336	2273
337	2274
338	2275
339	2276
34	2277
340	2278
341	2279
342	2280
343	2281
344	2282
345	2283
346	2284
347	2285
348	2286
349	2287
35	2288
350	2289
351	2290
352	2291
353	2292
354	2293
355	2294
356	2295
357	2296
358	2297
36	2298
360	2299
361	2300
362	2301
363	2302
364	2303
365	2304
366	2305
367	2306
368	2307
369	2308
37	2309
370	2310
371	2311
372	2312
373	2313
374	2314
375	2315
376	2316
377	2317
378	2318
379	2319
38	2320
380	2321
381	2322
382	2323
383	2324
384	2325
385	2326
386	2327
387	2328
388	2329
389	2330
39	2331
390	2332
391	2333
392	2334
393	2335
394	2336
395	2337
396	2338
397	2339
398	2340
399	2341
4	2342
40	2343
400	2344
401	2345
402	2346
403	2347
404	2348
405	2349
406	2350
407	2351
408	2352
409	2353
41	2354
410	2355
411	2356
412	2357
413	2358
414	2359
415	2360
416	2361
417	2362
418	2363
419	2364
42	2365
420	2366
421	2367
422	2368
423	2369
424	2370
425	2371
426	2372
427	2373
428	2374
429	2375
43	2376
430	2377
431	2378
432	2379
433	2380
434	2381
435	2382
436	2383
437	2384
438	2385
439	2386
44	2387
440	2388
441	2389
442	2390
443	2391
444	2392
445	2393
446	2394
447	2395
448	2396
449	2397
45	2398
450	2399
451	2400
452	2401
453	2402
454	2403
455	2404
456	2405
457	2406
458	2407
459	2408
46	2409
460	2410
461	2411
462	2412
463	2413
464	2414
465	2415
466	2416
467	2417
468	2418
469	2419
47	2420
470	2421
471	2422
472	2423
473	2424
474	2425
475	2426
476	2427
477	2428
478	2429
479	2430
48	2431
480	2432
481	2433
482	2434
483	2435
484	2436
485	2437
486	2438
487	2439
488	2440
489	2441
49	2442
490	2443
491	2444
492	2445
493	2446
494	2447
495	2448
496	2449
497	2450
498	2451
499	2452
5	2453
50	2454
500	2455
501	2456
502	2457
503	2458
504	2459
505	2460
506	2461
507	2462
508	2463
509	2464
51	2465
510	2466
511	2467
512	2468
513	2469
514	2470
515	2471
516	2472
517	2473
518	2474
519	2475
52	2476
520	2477
521	2478
522	2479
523	2480
524	2481
525	2482
526	2483
527	2484
528	2485
529	2486
53	2487
530	2488
531	2489
532	2490
533	2491
534	2492
535	2493
536	2494
537	2495
538	2496
539	2497
54	2498
540	2499
541	2500
542	2501
543	2502
544	2503
545	2504
546	2505
547	2506
548	2507
549	2508
55	2509
550	2510
551	2511
552	2512
553	2513
554	2514
555	2515
556	2516
557	2517
558	2518
559	2519
56	2520
560	2521
561	2522
562	2523
563	2524
564	2525
565	2526
566	2527
567	2528
568	2529
569	2530
57	2531
570	2532
571	2533
572	2534
573	2535
574	2536
575	2537
576	2538
577	2539
578	2540
579	2541
58	2542
580	2543
581	2544
582	2545
583	2546
584	2547
585	2548
586	2549
587	2550
588	2551
589	2552
59	2553
590	2554
591	2555
592	2556
593	2557
594	2558
595	2559
596	2560
597	2561
598	2562
599	2563
6	2564
60	2565
600	2566
601	2567
602	2568
603	2569
604	2570
605	2571
606	2572
607	2573
608	2574
609	2575
61	2576
610	2577
611	2578
612	2579
613	2580
614	2581
615	2582
616	2583
617	2584
618	2585
619	2586
62	2587
620	2588
621	2589
622	2590
623	2591
624	2592
625	2593
626	2594
627	2595
628	2596
629	2597
63	2598
630	2599
631	2600
632	2601
633	2602
634	2603
635	2604
636	2605
637	2606
638	2607
639	2608
64	2609
640	2610
641	2611
642	2612
643	2613
644	2614
645	2615
646	2616
647	2617
648	2618
649	2619
65	2620
650	2621
651	2622
652	2623
653	2624
654	2625
655	2626
656	2627
657	2628
658	2629
659	2630
66	2631
660	2632
661	2633
662	2634
663	2635
664	2636
665	2637
666	2638
667	2639
668	2640
669	2641
67	2642
670	2643
671	2644
672	2645
673	2646
674	2647
675	2648
676	2649
677	2650
678	2651
679	2652
68	2653
680	2654
681	2655
682	2656
683	2657
684	2658
685	2659
686	2660
687	2661
688	2662
689	2663
69	2664
690	2665
691	2666
692	2667
693	2668
694	2669
695	2670
696	2671
697	2672
698	2673
699	2674
7	2675
70	2676
700	2677
701	2678
702	2679
703	2680
704	2681
705	2682
706	2683
707	2684
708	2685
709	2686
71	2687
710	2688
711	2689
712	2690
713	2691
714	2692
715	2693
716	2694
717	2695
718	2696
719	2697
72	2698
720	2699
721	2700
722	2701
723	2702
724	2703
725	2704
726	2705
727	2706
728	2707
729	2708
73	2709
730	2710
731	2711
732	2712
733	2713
734	2714
735	2715
736	2716
737	2717
738	2718
739	2719
74	2720
740	2721
741	2722
742	2723
743	2724
744	2725
745	2726
746	2727
747	2728
748	2729
749	2730
75	2731
750	2732
751	2733
752	2734
753	2735
754	2736
755	2737
756	2738
757	2739
758	2740
759	2741
76	2742
760	2743
761	2744
762	2745
763	2746
764	2747
765	2748
766	2749
767	2750
768	2751
769	2752
77	2753
770	2754
771	2755
772	2756
773	2757
774	2758
775	2759
776	2760
777	2761
778	2762
779	2763
78	2764
780	2765
781	2766
782	2767
783	2768
784	2769
785	2770
786	2771
787	2772
788	2773
789	2774
79	2775
790	2776
791	2777
792	2778
793	2779
794	2780
795	2781
796	2782
797	2783
798	2784
799	2785
8	2786
80	2787
800	2788
801	2789
802	2790
803	2791
804	2792
805	2793
806	2794
807	2795
808	2796
809	2797
81	2798
810	2799
811	2800
812	2801
813	2802
814	2803
815	2804
816	2805
817	2806
818	2807
819	2808
82	2809
820	2810
821	2811
822	2812
823	2813
824	2814
825	2815
826	2816
827	2817
828	2818
829	2819
83	2820
830	2821
831	2822
832	2823
833	2824
834	2825
835	2826
836	2827
837	2828
838	2829
839	2830
84	2831
840	2832
841	2833
842	2834
843	2835
844	2836
845	2837
846	2838
847	2839
848	2840
849	2841
85	2842
850	2843
851	2844
852	2845
853	2846
854	2847
855	2848
856	2849
857	2850
858	2851
859	2852
86	2853
860	2854
861	2855
862	2856
863	2857
864	2858
865	2859
866	2860
867	2861
868	2862
869	2863
87	2864
870	2865
871	2866
872	2867
873	2868
874	2869
875	2870
876	2871
877	2872
878	2873
879	2874
88	2875
880	2876
881	2877
882	2878
883	2879
884	2880
885	2881
886	2882
887	2883
888	2884
889	2885
89	2886
890	2887
891	2888
892	2889
893	2890
894	2891
895	2892
896	2893
897	2894
898	2895
899	2896
9	2897
90	2898
900	2899
901	2900
902	2901
903	2902
904	2903
905	2904
906	2905
907	2906
908	2907
909	2908
91	2909
910	2910
911	2911
912	2912
913	2913
914	2914
915	2915
916	2916
917	2917
918	2918
919	2919
92	2920
920	2921
921	2922
922	2923
923	2924
924	2925
925	2926
926	2927
927	2928
928	2929
929	2930
93	2931
930	2932
931	2933
932	2934
933	2935
934	2936
935	2937
936	2938
937	2939
938	2940
939	2941
94	2942
940	2943
941	2944
942	2945
943	2946
944	2947
945	2948
946	2949
947	2950
948	2951
949	2952
95	2953
950	2954
951	2955
952	2956
953	2957
954	2958
955	2959
956	2960
957	2961
958	2962
959	2963
96	2964
960	2965
961	2966
962	2967
963	2968
964	2969
965	2970
966	2971
967	2972
968	2973
969	2974
97	2975
971	2976
972	2977
973	2978
974	2979
975	2980
976	2981
977	2982
978	2983
979	2984
98	2985
980	2986
981	2987
982	2988
983	2989
984	2990
985	2991
986	2992
987	2993
988	2994
989	2995
99	2996
990	2997
991	2998
992	2999
993	3000
994	3001
995	3002
996	3003
997	3004
998	3005
999	3006
